Time
2.47274850398679
2.44170545907069
1.26440909591721
0.298554960172623
0.0206584156960841
1.1757832513492
0.136366890976205
0.587705417515195
0.207081948716003
0.303859856678173
0.553754881934679
0.350879975112955
1.00373911853404
2.09653981948707
0.164235873380676
1.18924364692088
0.162064293166623
0.356027401031411
0.080461697394618
0.0785300526767969
1.09688618549032
0.823210003665064
0.184855628291401
0.0485512844205706
0.274396739900112
0.153254002068832
0.0994829340276582
0.491618613691485
0.0417599254287779
0.473713293650603
0.724799925419402
0.00851735162188954
0.846881899940682
0.323287840466946
0.662956720662719
0.0198176695341214
0.0378460865518321
0.000845385845322394
0.153513715885651
0.0337253902422012
0.880201403940928
0.964040164793742
0.103124111178358
0.502512678017324
0.271777623798698
0.238272365182638
0.933726688535714
0.215441724285483
0.35704853243888
0.150951341725886
0.147391613805667
0.52703482841835
0.0599032866302878
0.290465957252309
0.504663193111724
0.477238987520727
0.239324805093929
0.497843031284815
1.25481697258757
0.314265648368746
0.450967689023769
0.365896861979222
0.160162943182513
0.720827793660474
0.606339578961438
0.156996073087337
0.711898297213065
0.686542894670224
0.103642606642097
1.41242899109925
0.298846433172002
0.00569386431016028
1.05800332402097
0.317431587493047
0.645324832273132
1.01790460994727
1.92072633177716
0.24481618986465
0.413202246357047
1.20441651958288
0.383406653718594
1.49323219797554
1.12681674299048
0.151769526535645
0.0927490594855188
0.129374877316877
0.0329177571593687
1.35644880582796
0.393725983538905
0.111488341710283
0.0886782707984453
0.115197819191962
0.300287889083847
0.281609612517059
0.800932442727399
0.570556750500059
0.482889608459032
0.690865552963174
1.50593056148829
0.0704541886225343
0.046244791476056
0.349709526149041
0.127452465472743
0.762155810329032
0.331297449069098
0.12673105369322
0.148058066377416
0.664117550922042
0.724395720246148
0.648006021489805
0.466486449437089
0.0356897813240206
0.90477225273372
0.459073175655162
0.0722847634460777
0.493309403748667
0.359916729434359
0.229024384170771
0.564628957284099
0.385706956003582
0.433896692914373
1.78111137211563
1.64445554456654
0.137763984035701
1.08302828197585
0.0102801312015054
0.50458171526015
0.453992200994349
0.274766469141468
0.762345333541644
0.175123064778745
0.904789553913188
0.22315914882347
1.0695889153819
0.0403621867248539
0.41925460656867
0.799394933464837
1.40662815413418
0.415569657661885
0.0505293852183968
1.95044211567122
0.328450842993334
0.812665465245855
0.316126217832789
0.776828949332276
0.994636042001558
0.400612847858524
0.0169587948995825
1.70324398196282
0.255086054326966
1.03998918174311
0.156964384019375
0.545586136148727
1.10653299738871
0.291701519396156
0.133835490560159
0.159264194700257
0.500383438406276
0.372450944946563
0.0892947153188288
0.53891093561188
0.0714253089390695
0.0972554209008027
0.0858631876762956
0.335863900836557
0.345902593340725
1.84912634577855
0.532350129426873
0.299845973029733
2.24353775340849
0.326389374677092
0.20315583399497
0.453227614083021
0.161749247130258
0.17820154415069
0.735751972091714
0.284075087402016
1.27079696050812
0.194759719772264
0.854248646619241
0.189659181050956
1.91777011289595
0.421105698195702
0.238217339385301
0.00397811912563887
0.700047468724561
0.245902061229572
0.315558001631871
2.44157351624946
0.193276934791356
0.460487315410233
1.79228294164616
0.0360459446829217
0.103749048478046
0.221222450273586
0.631535593864924
0.489017100052393
0.00476027047261596
0.812695397953403
1.03720320570738
0.102737826108754
0.118710896000266
0.360411891692734
0.166913167573512
0.275406381115317
0.543771296252912
0.262725825887173
0.394386253298676
1.13826084887571
1.69889637446942
0.22537731193006
0.251642277464271
0.352036668432361
0.653922685400999
0.184889939147979
0.0603272779250396
2.1070042940459
1.4075373300367
0.493691385702646
0.799961805528231
0.313797195907682
0.130444642707446
2.24399914766166
0.269905906636268
0.485830563099539
0.458933290314684
0.621534924933171
0.349926958770907
2.18361539344332
0.378849565961814
0.219488529721275
0.142428624909371
0.189321439238853
0.54533814403922
0.427650641628957
0.0603848772589117
0.0971708178985864
0.588205353335893
1.07118205626713
0.470811478772616
0.661084994652724
0.79980539991976
0.925134051196446
0.0142550519812949
0.0760469771090943
0.448624603894955
0.432165605460709
1.31913766538011
0.422860541046935
0.585671751738942
0.107969135278836
0.0343005009926856
1.32079354201661
0.0803136776667088
0.0946425041183829
0.0420659574852311
0.0587112377397716
0.577924610094583
0.214879678562284
0.0706004270881717
0.508847665486342
1.0226103439507
0.113512868972575
0.537936946821815
1.08415161905097
0.0296153146773577
1.45771658412161
0.147839601850137
0.864586987490666
0.387118316700167
0.100588561035693
0.148915111320093
0.435393148546523
0.371789549456394
0.623203060568726
0.898693710523558
0.166693756750705
0.641834967283017
0.0835757052991539
1.86074674406645
0.742809796663833
1.13381857511805
0.0829965578720732
0.45271220116583
0.00723043922334909
0.0865117400790509
0.265530354576185
0.0576443416844505
1.00983110904218
0.0824833186343312
0.34514571283944
1.25234391337204
0.526131493018425
1.12592815135824
0.0652996292768273
0.0235689010586274
0.3359803147614
0.663795147535807
0.0114750028218638
0.233301016967744
0.0551330943048749
0.924620998049987
0.343358915997669
2.0954977847805
0.602488732410079
0.908361850264383
0.0220893365532779
0.0655488453440424
0.176631630398333
1.02999972268463
0.627818251026667
1.11092165661729
0.100064634112641
0.0296332107391208
0.284609888335842
1.31932458554612
0.227008474525064
0.311289999168366
0.91348696123333
0.366921749410635
0.443505304378873
0.167830583406612
0.23051268463918
0.0912957496475428
0.482167062328613
0.0155570125207305
0.543847319649017
0.300797815201804
0.387004318160421
0.436681541127569
0.115046954248101
0.126647308003157
1.75070566207844
0.0022360455189174
0.245913920458406
0.475172105689949
0.297716353554279
0.692976114784783
0.335921007674187
0.766349966246836
0.416632396993971
1.21111937699126
1.15560109813916
0.0804089666344225
0.481802472848582
0.0341052713338286
0.190749351168051
0.708619797843982
0.927425884599698
0.150390741182491
0.796661409884517
0.666636426446444
0.0981889460235834
0.331493608420715
0.00259573273903661
0.0115917667339444
0.3893841933249
0.0640839592088014
0.624266022795296
0.301793009974062
0.293345188722014
0.476823722922659
0.510341991732307
0.220895313890651
0.343317312886938
0.540268814170218
0.121341337761421
0.221688192570582
0.30212867682994
0.0851903827860951
0.160578793846071
0.797899238723231
0.863687230232072
0.268117024796084
1.10393112498805
0.371804794555744
0.620730615199959
0.0931147653508562
0.15931627715926
0.515437835658679
0.0152183752506971
0.131614621030167
2.01452147484499
0.289121389621869
0.723250144676191
0.17019006059946
0.0789495210628957
0.96425953316958
0.179650456178933
0.717473035636258
0.0773087594867186
0.0247454179916531
1.14972190037032
0.137897880392811
0.751745700794172
1.04299172436897
0.0126483618625788
0.175481089623645
1.49109991499601
0.984873395592306
0.434865581782019
0.448155294151461
0.663382776526219
0.0712938986066288
0.00989062548615038
0.0964276590384543
0.549051110611713
0.848348799119604
1.07609130528973
0.0948430453427136
0.0556983861179323
0.410345115335817
0.638634114039546
0.00880641766141954
0.0108859208412468
0.938795206094992
0.250649948837236
0.357657072431422
2.19278130958404
0.109643105392022
0.347359821179366
0.107068297223087
1.93352090105713
1.05860280518638
1.23896769707309
0.269043467240408
0.143231051741168
0.271685311803594
0.40627893663705
1.06774656561421
1.12776259605991
0.249425711055141
0.0911672154907137
0.226301149232313
0.230047860415652
0.314720003632829
0.592682410941875
0.572915628531432
1.01578595578195
0.248690797714517
0.310665874741971
0.370381722459922
0.134159475564957
0.650006801800287
0.102514081634581
0.142765332924194
0.213131348835304
0.0692963151245074
0.0536916011377902
0.0154751220252365
0.269446819089353
0.272212639451027
0.82135169282916
1.41518361649165
0.157815165352076
0.0888729812577367
0.0814882761168521
0.268478368176147
0.618721732383078
0.503534744472659
0.420421139444189
1.00490000187875
1.09556598875843
0.114728887332603
0.668312808477736
0.372419617397352
0.754313025581551
0.0209250396583229
0.168507628142834
0.174283927539364
0.235526477219537
1.81313278784775
0.00283202946115601
0.235172588843852
0.218181424075738
0.246096648508683
0.828948454889369
0.540343743727958
0.915381497661483
0.203391542005623
1.26872632553087
0.53301960879699
1.07784876127945
0.169951504474682
0.36928407648646
0.0114323216566316
0.466575293910515
1.29357240808414
0.0343139053254866
0.748085268731129
0.200720174713576
1.40875571574468
1.32391487148808
0.140409891934643
0.315704242791981
0.570767048725343
0.338085061870515
1.17468642530249
0.0738453091278664
1.90389395029026
0.30561502254568
0.00577821000479162
0.0308919802053278
0.120439877980221
1.65856021634283
0.606342465595758
1.07090204649484
0.104796048719436
1.33591512863742
0.951558054382813
0.642152171088949
0.179623724194244
0.0161094850366925
0.15598639905441
0.843926524701429
0.932196916039002
0.820035541073578
0.282968340879143
0.166358516751511
2.9934992714036
0.189239769242704
2.47157799530972
0.229994730791077
0.290289242053404
0.0388537489343435
1.04901788823363
0.246426155557856
0.230260310927406
0.10164939115508
1.09709550066797
1.29711388697134
0.203301838831976
0.0884638875385554
0.628840859958387
0.0785503606311977
0.234736724058166
0.593056943246579
0.382464406232282
0.554313680961294
0.0193339958178582
0.396616688073249
1.49366101940366
0.878874644595099
0.582931945545083
0.234706601826474
1.50975896409693
1.10833806445109
0.207267174384582
1.25565375097878
2.39874426449153
1.98381021459227
0.0985591609506507
0.0320494868735242
0.421732998897737
0.0444924261057718
0.0941421834286302
0.455109689829356
0.28514227620326
1.97332297534424
1.30380740289794
1.62963199979606
1.01034643962504
0.483153557849532
0.854453742523809
0.117938159499317
1.04330450574435
0.120992487994954
0.129841630114242
0.0570986601146909
3.32052563763877
0.150291718775406
0.259378148242831
0.213571936823428
1.41691604993286
0.143006507772952
0.265926928823327
1.10259219199824
0.464377713834351
0.257724282942339
1.739075015194
0.0913220997899771
0.0790787453297526
1.86920463562685
0.486309050561345
0.25864191415599
0.469257818048304
0.167899483116344
1.20490647194194
0.595695796401656
0.197699504093258
0.989827187689853
0.330765037797391
1.86838221298564
0.380203012152164
0.0493466205430469
0.507528731693888
0.425693730630663
0.0834706504829228
0.0157930752220286
0.817811743292316
0.0292311625089496
0.384279156914626
0.0928348521701992
0.672478374072766
0.0713768928410281
0.294140773126855
0.964430119329766
0.915378948631597
0.123184791998938
0.371857211438423
0.0464792409520498
0.031758579891175
0.0519388699904084
0.747917534741473
0.898015665779722
0.0834683428984135
0.184647371061146
0.23504435736686
0.312060629017651
0.741595377172244
0.0223178409505635
1.16178219479727
0.0113425492309034
0.280380036216229
0.21312438415307
0.297035966999829
0.0938092414289713
0.162741045933217
0.289530700538307
0.21799137420021
0.499922436423913
0.17031926752614
0.224352900404483
0.519024644491679
0.00303484199725859
0.484404051655388
0.0997082300018519
0.716301469691599
0.243562604533508
0.051173817133531
1.73765764562043
0.545027466935522
0.113376812828121
0.0395766866859049
0.101371093186543
0.771950157317233
0.746051590847683
1.69881832218709
0.0862520919181406
0.154645890463144
0.533592315369702
0.32080201129429
0.0496499821459707
0.80474977563591
0.285029896069318
0.77664292133869
0.328859706642106
0.120402286062017
0.136401847262867
0.238842471223117
0.802595726045462
0.29251509410481
0.233629622263834
0.551210987360633
0.167324325302616
0.560235389487302
0.110426635481417
1.9999132876056
0.36304483271447
0.159265110269189
0.39123242672295
0.537290328626937
0.626126213909543
0.201777329851298
0.811401867265713
0.105204504914947
0.146643605576546
0.554535448995835
0.753767651726936
0.0410891165956855
0.0435214553983102
0.259981349110603
0.496033109703517
0.785089730243099
0.668384488185352
0.150241902796552
1.69073831281605
0.016269053099677
0.263232786674052
0.0817820106167346
2.95685177279596
0.0354603283325545
0.376647443284047
2.04765495181757
0.0820284077867522
0.296555367298424
1.45292483456363
0.0843056661012525
0.0172456182398948
0.120481236837804
1.00268207951905
0.0741092627868056
0.221768987597898
1.92080577295836
0.433798518942154
0.364451188107437
0.757858862127078
0.363906134921822
0.329887084430084
0.26309449179098
0.0824272654638367
0.800170379648817
0.154336578149333
0.115967262536287
0.365446701159185
0.00219032303632059
0.054938614203699
0.418529035968191
0.0780913103371859
0.0333483712747693
0.0129698291080155
2.43896590996732
2.86998414231424
0.901608203495753
2.26272162797757
0.407308438138749
0.462122594438078
0.399437221532292
0.0942245970090938
0.113612107343775
0.36351533976174
0.0806553296279162
0.516236284261054
1.97013644397932
0.269593256060034
1.37177479540216
0.170382533688098
0.117986480239779
2.67105960179318
0.6022164709656
0.211613301187754
0.135719737736508
0.0707978861310603
0.236454636324197
0.905200241091561
0.423768627901977
0.464711571556932
0.279892551945522
0.625269123797721
0.209696106964415
0.645971696802831
0.0321543309841067
0.472515038689812
0.682249148820943
0.116530148312449
0.544169915281022
0.483213800450271
0.0459549322258681
0.587113098220384
0.453377105274654
0.37082525200904
2.93913214636927
0.58983417904259
1.37614284915136
0.680808094309127
0.690937545129514
0.503652255912194
1.12547548087055
0.179570731706917
0.133697032695636
0.635535464601076
0.290868184296414
0.426334932724548
1.30987620999323
1.49654284238754
0.347499160066252
2.13389531696651
0.134987705698133
0.33753458224237
0.74001590996505
0.0375031603034586
0.241837524808943
0.414778046754605
0.45219866339146
0.511663131926188
0.0340738191009507
1.13730750409116
0.365280773469663
0.233115999260917
1.59266898772659
0.765568977179837
0.0798213188536465
0.536916953956193
0.517095355295992
0.0550920317595689
0.374473208540535
0.977726610335422
0.553190187582802
1.15200663444804
0.751908563966763
0.69139703826741
1.31273899686741
0.888451369437289
0.485482337266849
0.0136311340756707
0.56103413410247
0.0868819004374229
0.802638390059483
0.0740374843589962
0.698371233160487
0.724903653733337
0.1893905850593
0.444738457889712
0.105770424939692
1.01681145276399
0.171673895092681
0.203770449722081
1.91711150378662
0.243761410471052
0.111692020646613
0.22304523922503
0.448038260431445
0.181678050663322
0.323027300415561
0.307802731869742
0.00214219679137373
0.121685217134655
0.100819597020745
0.0849873125553131
1.03746894929082
0.699036839376104
0.615199155153191
0.280344804981723
0.0235877890193109
0.21503437589854
0.69570745955939
0.419167492691381
0.0511113980319351
2.2069836612404
1.22326371533083
0.675111617871976
0.39647354276613
0.187302408972755
0.0246856935329919
0.494630830346742
0.461925972342488
0.0645316196611931
0.375391044632948
0.521587572970843
0.78080093018235
0.0338654300363145
1.04686524452922
0.79020268838377
0.41622249779985
0.0893783575251154
1.10019018215345
0.118211120832711
0.153762056026608
0.00122541325718408
0.00201712944544852
0.411958647409941
1.03465211014719
0.413100116865194
0.466081001774824
0.17614404624328
1.39879230954451
0.0401556759607047
1.01153489477457
0.174158375244588
0.136822510596397
0.860602458896947
0.281298199668527
0.58940876370111
0.68120294108749
1.11759078216957
0.462489050326353
0.16036817781402
0.101057566208286
0.542234119118558
0.284094108501449
0.876577332589709
0.119854596676305
0.45836999177893
1.58954599118772
0.154927384806797
0.0981423475313932
1.03249900783868
0.838056151713145
1.24983441543983
0.469496753045774
0.0642815803644807
0.0101772693939841
1.23575412755119
0.927800364750338
0.295856169657782
0.567138924242413
1.64656933388653
0.716039498166674
1.51509011155906
2.16674802946836
0.320032824762166
0.271541499532759
0.030779921579977
2.01848913238856
0.754175417083216
0.684497373157597
0.857151115271163
0.803485386962903
0.633700284206624
0.54164779041081
0.44791249882192
0.265966499922797
0.500877447405315
0.228828167542815
0.743226356091412
0.0103880179205397
0.890191910569626
0.315137328347191
1.21114757584297
0.0490514843259007
0.0823252997361124
0.38421694326908
0.200559785356745
0.608646799789226
0.217896378366277
0.114410683745518
1.92491800606924
0.906758452723634
0.0261456940788776
0.405346298569298
1.41848130319227
0.128663465380669
0.128818193217739
0.912052582907391
0.152955242432654
0.176664310740307
1.95767294139344
0.807418681639147
0.830284897196007
0.0444415376987308
0.191486842930317
0.535461890024549
2.39136655057285
0.980631693224323
0.328654413577169
0.00194095558912735
0.140914286486804
0.294932364718989
1.12759583795306
0.774083031299424
0.945928869726968
0.260075296793767
0.956723640630853
0.458489550722247
2.25712893253032
0.612120915183282
0.151462441310287
0.63197800235585
0.271534040104598
0.307374099036679
1.11746644501792
0.380789875127949
0.69340641792388
1.19362314844469
0.244428689824417
0.0159850781783462
0.334463945357129
1.13477223466183
0.0801883688208428
0.0695312456227839
0.191457957960665
0.110034082756791
0.0180349077563733
1.68293884388151
0.750671767587674
0.204767201908431
0.176592182135209
0.114822920877486
0.0895921383053064
0.249132870463654
0.661871864905065
0.0960610585752875
0.126126260031015
0.441871318905067
1.46899760133567
0.139666181387674
0.0202320110984147
0.0251465460751206
0.209830954438075
2.77960033909879
0.197639791792863
0.786235890309227
0.292151220841333
0.255839698965389
0.286127565195784
0.569194456191631
0.200106809381396
0.568298860851417
0.111695867925183
0.062075728783384
0.433745167763959
0.246138633461669
0.988244100376963
0.664675050394094
0.808689722749305
0.0934527460485697
0.0664287741476061
0.190524003318335
0.48676597511158
0.545040471458292
0.140651846846563
0.102689826390356
0.0306426393799484
0.0187891982495785
0.636727617101228
0.0208819129038602
0.265870619099587
0.332690826384351
0.354738811980172
0.467000649755305
0.738069939385069
0.92730832238727
1.15140784246134
0.0880849453662065
0.848905703942192
0.677683494964099
0.0907118448521942
0.571735475191331
0.167336418526247
0.135058976709843
0.971255500567207
0.0343265938572586
0.283098491374403
0.414324384578102
0.0861387243198759
0.818228849167836
0.0153076072979754
0.365778663174665
0.0934591856785119
1.76196715504605
0.130190591327846
1.0487943209054
1.07964070041882
0.849450521129084
0.112677680328488
0.104535087077888
0.217277057934552
0.700218380386841
0.250215416774154
0.292908561976852
0.239651212468743
1.1660111946355
0.448301725068545
0.146673574345186
0.427840992195868
0.538866744355714
2.8410666415362
0.188675964251161
0.881000675219011
0.699865245658217
0.0584229206243364
1.45018992192092
0.334673832170665
0.352751171241529
0.423029462220384
0.173572513874477
0.17713496601209
0.465876929906613
0.373939078745848
2.00391651213843
0.201532378559932
0.834990058445812
0.122204093961045
0.297375428723171
0.509231699609614
1.67493576175513
0.132310953224078
1.46662116042318
0.0391765432311904
0.0525875610548035
0.121576987406758
0.492653180824077
0.0998235873412341
0.56220057744295
0.0948664805549591
0.160965072618302
0.482915519250041
0.0759915472008288
0.0109632588518189
0.0242367433384061
1.18349435267257
1.16527145256506
0.393499011855716
0.119969859125312
0.71935637687902
0.207157680531964
0.156847477500206
1.42122867477244
0.368488596004292
0.980204208711994
0.044211041309045
0.184975782642141
0.0161181960022574
0.309486422222108
0.956386292311263
1.72471328071299
0.532916526754803
0.787744187707913
0.681250411996102
0.231908003101125
0.189125191558561
2.64895453382481
0.217801052611321
0.222183086676523
0.242123086005449
2.11435034299705
0.296045180177316
0.0982320280745625
0.069054257357493
0.991181271382922
0.0740217142498512
1.0630680778365
1.27300382067735
0.0483099627869381
0.321214643772691
0.693054007345295
0.297648214735091
0.413660217055535
0.897601279388082
1.94726436109024
0.152488115888233
0.229841337539256
0.729141059245227
1.0952446863687
1.25001520377802
0.0374091495478806
0.0242589751617223
0.228868056787178
0.392560130895531
1.38595319998668
0.406553494890769
3.10475473834162
1.89438242367708
0.090914325919824
0.616800211814648
0.183182614622638
0.532119727206832
0.691435324472791
0.216301355278119
1.54279466337504
1.17641590745004
0.346586619948453
0.0184351126433114
0.566019986735141
0.763085530852375
0.181098632281646
0.309257351793349
0.120095557067543
0.568822241832918
0.634435166118151
0.773365415052754
0.0380863903556019
1.46088452256265
0.829154817252839
0.573267051929093
0.084532527477176
0.0868656861130148
0.473535767092326
1.17748154979177
0.14625854090715
0.963778427760017
0.0133275382686406
0.711519960272026
0.25624383638233
0.825348500120354
0.748528159181488
1.2957344578506
0.490885404115289
0.372669300509101
0.0213609703350812
0.876060512806189
0.0175793764744092
0.128354887478054
0.242881107144058
0.249053308507428
0.59617828435958
0.0771136180261073
0.088106651608935
0.789350325199676
0.130545423443733
0.242379891918972
0.740237033883941
0.750558283137989
0.00799743481911719
0.195624437866751
0.229762254628704
0.215225336194452
0.0655829997267574
0.670273435281074
0.312239850707553
0.544141570085144
0.0713274779263884
0.0753332490567118
0.581422971540547
0.00151999527588487
0.138352314291644
0.190551606279231
0.390694275943047
0.0591751500876442
0.997895330148649
0.148598380386829
0.583154548404223
0.0404921691914966
0.932283766525698
1.2942049903165
0.201799428261774
0.183407506207004
0.392346486428237
0.605297978480762
0.557543314506716
0.868835072922421
0.627108409048474
0.0430776565335691
0.817599737043393
0.846993925939214
0.210837916703895
1.54976855955067
0.216176685411483
0.879753375383926
0.00589474377238478
0.173420545877889
0.234221009537578
0.284006601665169
0.704614139119995
0.142754022497684
0.749625055077386
0.316651065368205
0.464666790767319
0.374923085772848
1.20990981248425
0.34721504987911
1.88206743717867
0.529588804948087
0.69363301563693
0.161508992314339
0.193464949028566
0.574305928291237
0.316651417408139
0.994622107553196
0.878826815592957
0.362908383998804
0.180542372399941
0.268381287576631
1.06364215811001
0.0829919257666916
1.00436346166614
0.535394700223065
0.290204048389569
0.26246399874799
0.159021737797482
0.00524728349409997
0.359280168637693
0.163434367893467
0.564593451076603
0.85148154753716
1.45470805830302
0.0212968406267464
1.99060077489096
0.324576204176992
0.0293168982025236
0.396831382510668
0.122901363468711
0.627803192452943
0.812483805213463
0.550112326608455
1.71755444995108
0.192208412801847
0.0447165790227581
0.535828102359033
0.290471518877894
0.923718790481699
0.141358641674742
1.4261474906558
1.6823297253901
0.315176121424884
0.0854408622253686
1.24629280430483
0.458550888512707
0.26352771158449
0.0172648361540595
0.0158277953012997
0.766213550695974
0.0638111720327288
0.0140575149083216
0.0490600319385322
1.1927577902061
0.0582067681714718
0.0220091652590781
0.0830607420144876
0.443002041408277
0.792517120004701
0.301080773118883
0.489293872357762
1.16533568402039
0.470789672800901
0.178665058221668
0.0154920635592558
0.0579728598240763
0.0466324903438075
0.1502722336445
0.154089224291965
0.0235975389368832
0.610929904950267
0.789131756215595
0.597895196152336
0.361037228701121
0.204344873316586
0.026351791806519
0.545923339647657
0.142345101572573
0.0103634628938302
0.739168442691083
0.224337831838056
1.08007201487423
0.500085739511958
0.816088432404113
0.0837048396942655
1.292542389531
0.0527219003997743
0.532492077888405
0.0436934426618606
1.06636635300921
1.31264237960087
0.779767228248429
0.0402655701618642
0.412482329157597
2.42013961995456
0.256293699145317
0.203752234345302
0.0770118019992452
1.58219649530853
0.315636476036161
0.280357247684151
0.0253645535558462
1.14494230632518
0.331959508592263
0.663750570246434
0.314023183425888
0.351516229599175
0.101868335390463
0.146411914844066
0.574516017994102
0.709306628401292
0.587684046825613
1.14136468519675
0.137625961564481
0.300305475015193
0.443354536292559
0.17995739611797
0.365804481969374
0.175793276634067
0.367564561240041
0.51532618513093
0.321796815609559
0.56107897076518
0.77867645199279
0.686836883870369
0.175742167746648
0.040551794989047
0.232209173183402
0.66422807749123
0.409958642420775
0.0799268551477279
0.257799529936165
1.12283666745548
0.0770749384243696
0.246624394087121
0.350242569299695
1.80716552854258
0.246792507125065
0.226242790611609
1.03759159422935
0.485427330692715
0.31686477526091
0.337181420996785
1.25486532126771
0.533249909968531
0.131265278439969
0.22136395284906
0.211965632857755
0.348307439418937
0.663646628127849
0.165268136188388
0.630775516110866
1.91486323148686
0.180856843539344
0.330301073845476
0.552303556987487
0.0709897365296203
0.533508622770292
1.9677456569739
0.365237644852555
1.30386099678682
0.180235892767087
0.107495357748121
0.0462816107594098
2.8866832180131
0.53966704753921
0.528305923079556
0.778231544378114
0.667486867380744
1.24000187863814
0.685376757734871
0.085241753840819
0.677168408387756
0.0777748489176324
0.0236208013129439
0.154862567316741
0.44356339846708
0.498007417169815
0.0485408497042954
0.881835759575379
0.705189014655007
0.598018051569766
1.79435541749674
0.231901083296257
0.204187751952077
0.0893006767146289
0.106430460233241
0.099797390634194
0.092510772170499
0.588727291652417
0.267711639404297
0.787737692106351
0.229466480202973
0.244936246657744
0.127845964433579
1.60936843595448
0.0944995970930904
1.37144107272135
0.311074129093369
0.107940891924928
0.351470500209785
1.70560587934198
0.444350504295385
0.315675454214215
0.800629706079972
0.321905305767238
0.181867350125685
0.15351764112711
0.0238112842198461
0.470866947413838
0.204917683531932
0.214760814327747
0.943196155088854
0.0998090857174248
0.408277777002609
0.0935782051479948
0.583912881535894
0.884013704913569
0.23191448720172
0.206452622776851
0.0690738277100524
0.729400769765389
0.116648991359398
0.225831815740094
0.461304829870952
0.196359507972375
0.035639074863866
0.160085906507447
0.0685374892544445
0.506285242715335
0.205494292208749
0.614576901754626
0.163779073982872
0.307237088447437
0.582305998423507
0.580273974665857
0.303152090404183
0.793655096396315
1.0945480884354
0.196425326634198
0.303711274050483
0.0185293272326999
0.194370206493506
0.669489718952632
1.23208572429823
0.142463715095965
0.478371478405458
0.31057451129891
1.88360317320305
0.0460036841398381
0.435380422489202
0.209771231780046
1.525532040661
0.477231491791021
0.424814768851437
1.50360400044241
0.0499813102651387
0.222402695100754
0.496031158582723
0.946085218298149
0.106685219798237
0.163900368148461
1.00384062710674
1.00672432310404
0.334471405018121
0.155520159984007
0.398446990156031
0.189874551491812
0.0958756054751575
0.396295607750518
0.123371080047821
0.478408653268075
0.132381000573549
0.451801258583969
0.107749173184857
0.377993634415275
0.567272631430483
0.549545197726643
0.220094659831375
0.357937165979529
0.588523439110673
0.172515494300915
0.431525188011533
0.626502522246397
0.199952084571123
0.0631606508977711
0.547338549581963
0.092388711636886
1.65170676472919
0.0327841003891081
1.21191127685117
1.00108465827526
