promedio
3.88
3.35
3.65
2.91
4.67
3.15
3.16
4.01
4.2
3.72
4.03
3.79
4.68
3.49
3.87
4.39
4.15
4
3.23
3.67
4.86
3.36
3.19
4.59
3.83
3.5
4.43
3.44
3.23
3.76
4.4
3.71
3.08
2.93
3.34
3.18
3.7
3.15
2.59
3.33
3.5
3.98
4.01
3.5
4.24
3.65
3.23
3.41
3.42
3.54
4.09
3.67
4.07
3.6
3.71
3.16
2.68
4.56
3.58
4.09
3.75
4.21
3.72
4.29
3.75
3.83
3.79
4.47
3.68
4.19
3.05
4.1
4.4
3.95
4.43
3.49
3.77
3.66
4.13
4.47
3.49
3.43
3.85
4.26
3.13
3.37
3.37
4.41
3.99
3.94
3.79
3.36
3.44
3.52
3.97
4.97
3.76
3.26
3.71
3.99
